4 0.474663 0.413735 0.10533 0.25899
4 0.317075 0.454126 0.103646 0.26971
4 0.162416 0.378248 0.113955 0.297797
1 0.318715 0.24743 0.0618182 0.0708917
4 0.773332 0.590162 0.103153 0.245692
1 0.477295 0.224026 0.0631863 0.0900826
2 0.317343 0.508864 0.127632 0.586949
1 0.172538 0.144384 0.0746336 0.0970119
2 0.166466 0.434308 0.153057 0.791498
2 0.47527 0.48603 0.111623 0.621552
3 0.220156 0.795536 0.0639508 0.0626026
4 0.393373 0.411843 0.0705231 0.198463
2 0.380323 0.507556 0.0981052 0.601379
1 0.787265 0.393291 0.0643547 0.069317
2 0.392149 0.49195 0.0687099 0.593006
