4 0.234659 0.343233 0.102178 0.23744
4 0.74321 0.501959 0.114698 0.276967
4 0.0782389 0.330829 0.123383 0.286624
4 0.60541 0.35994 0.101903 0.233956
4 0.473407 0.417321 0.087252 0.213493
4 0.353481 0.358941 0.0924649 0.202045
2 0.748442 0.550209 0.155996 0.600315
2 0.0823518 0.3944 0.145253 0.6645
1 0.0799559 0.0935784 0.0726094 0.0674875
1 0.607389 0.167127 0.0576387 0.0810967
1 0.24344 0.178894 0.0618958 0.0884368
2 0.46944 0.46296 0.116064 0.482947
2 0.600463 0.439787 0.13018 0.604689
1 0.356518 0.22075 0.0667343 0.0898997
1 0.760589 0.299649 0.077207 0.0943727
2 0.356781 0.422519 0.109304 0.493144
2 0.230956 0.397965 0.131181 0.522303
3 0.677187 0.829992 0.0580587 0.0668932
3 0.612411 0.749068 0.0544497 0.0653347
1 0.473937 0.255367 0.0653496 0.0683597
3 0.122803 0.695973 0.0737675 0.048053
3 0.755692 0.84557 0.0607406 0.0623545
3 0.0525961 0.764075 0.0673006 0.0612375
3 0.434567 0.678674 0.0543789 0.0381985
3 0.549442 0.723712 0.0568189 0.0451429
3 0.490017 0.693302 0.0458557 0.0472057
3 0.371254 0.654813 0.0432424 0.0481825
3 0.200515 0.660828 0.0495233 0.0498838
3 0.261838 0.656309 0.0507359 0.0444912
3 0.324946 0.659481 0.0425492 0.037299
